100
0 24 81 70 30 92 96 84 84 97 33 12 31 62 11 97 39 47 11 73 69 30 42 85 67 31 98 58 68 51 69 89 24 71 71 56 71 60 64 73 12 60 16 30 82 48 27 13 98 69 23 18 99 62 11 93 69 80 53 17 56 44 87 90 45 59 13 11 15 63 13 63 72 27 99 53 43 83 71 23 57 24 81 87 96 71 49 94 89 91 62 33 35 98 69 50 38 24 54 74
98 0 18 97 10 17 97 72 20 90 17 44 44 42 14 50 37 16 82 81 21 43 42 57 32 71 97 46 53 95 44 74 56 87 12 10 14 99 23 36 18 88 24 99 51 86 60 72 61 13 32 24 52 38 45 22 41 80 68 95 37 75 51 54 71 66 15 37 37 53 93 39 71 84 98 71 10 36 71 86 12 79 81 36 18 71 46 60 53 33 88 68 41 97 61 71 67 61 21 48
11 12 0 90 68 11 11 63 96 10 28 11 62 53 99 41 79 41 77 64 84 65 26 47 33 78 79 95 20 25 82 68 79 89 12 29 68 45 28 99 76 28 29 80 61 42 49 48 91 10 20 66 98 59 32 40 51 16 25 99 69 11 10 57 21 78 46 41 18 28 57 89 12 29 33 63 42 33 84 81 45 47 93 98 34 27 91 75 63 44 89 70 50 42 77 42 23 30 57 29
17 16 76 0 42 57 85 68 95 31 39 47 60 63 17 36 36 30 39 37 73 78 70 57 28 13 44 73 58 26 53 39 55 15 46 33 55 62 69 72 94 41 96 42 76 27 34 63 67 76 55 33 41 56 95 32 75 36 11 99 26 42 18 52 57 48 51 35 59 34 33 22 69 16 66 45 54 29 74 17 25 23 85 96 24 75 41 96 72 95 60 34 67 72 71 31 67 67 95 58
61 51 79 24 0 69 17 62 69 14 77 15 56 64 49 61 25 22 39 28 26 72 28 67 64 99 99 71 32 18 21 10 67 10 43 57 98 10 25 70 73 72 78 31 76 85 35 25 60 95 66 38 87 78 56 71 78 85 25 99 99 57 94 48 42 32 19 78 43 61 19 28 67 10 78 13 25 33 89 11 41 93 33 21 59 44 42 42 70 60 52 21 76 74 42 49 83 52 53 38
22 21 55 11 44 0 90 99 17 35 83 99 43 16 77 67 84 38 45 98 30 45 19 82 33 73 58 45 91 33 32 71 46 21 64 22 32 98 39 26 71 93 98 95 22 68 28 58 21 70 28 85 18 80 37 87 61 92 25 78 21 34 61 94 62 32 25 66 48 62 51 67 48 23 14 44 96 84 27 85 18 83 67 26 16 55 22 49 51 18 59 36 75 14 38 46 47 92 17 74
95 26 80 98 54 13 0 79 40 28 70 63 48 83 99 28 48 76 54 22 67 29 81 70 48 10 12 86 71 72 34 65 42 47 15 67 53 54 41 54 70 56 30 89 94 84 45 28 29 66 27 56 58 23 24 40 10 63 12 25 96 66 84 21 83 25 81 85 33 37 17 45 99 17 67 69 59 37 50 73 36 72 26 82 42 93 86 38 22 55 44 15 91 78 56 34 75 19 65 39
14 42 74 27 58 20 94 0 72 98 95 68 36 58 86 42 10 30 64 15 90 78 14 12 62 32 62 46 83 83 92 26 94 87 82 10 60 54 86 13 71 74 41 43 81 48 35 43 63 12 59 21 74 63 14 66 26 56 32 88 94 23 75 84 60 47 73 47 59 91 39 88 60 72 61 47 97 88 39 60 90 14 38 13 19 65 26 83 26 93 97 78 43 15 62 75 86 52 84 32
64 89 84 25 17 13 13 65 0 76 76 36 41 59 70 60 28 30 14 91 51 70 31 30 79 10 14 21 99 55 43 58 87 99 54 36 82 35 56 95 65 72 57 70 90 35 45 10 17 61 88 56 65 95 23 99 37 96 87 97 11 35 23 68 65 16 12 32 27 47 24 73 98 37 83 48 66 26 95 99 53 34 26 22 93 34 77 19 76 27 95 43 17 49 92 51 50 15 61 35
73 68 65 68 79 42 62 31 30 0 79 13 84 71 71 33 64 18 12 40 49 45 33 15 75 93 84 13 88 15 60 71 66 75 88 84 17 35 60 54 53 14 79 35 77 28 93 29 21 56 10 99 23 73 47 46 20 86 12 42 15 59 19 14 32 19 53 11 22 49 11 93 74 72 82 26 18 84 24 33 47 44 58 78 71 69 59 87 84 18 43 85 44 10 49 73 31 69 73 81
20 23 69 39 44 94 46 14 92 87 0 71 13 98 51 98 27 49 81 48 23 41 60 47 32 72 24 34 26 75 87 62 60 48 60 79 15 76 16 60 81 51 73 24 38 42 36 45 38 47 66 36 64 42 77 95 75 19 14 83 47 22 40 56 97 61 65 24 38 17 14 38 56 77 85 54 11 36 45 45 35 52 36 78 29 20 83 47 15 81 32 56 99 55 21 99 22 71 91 98
69 52 85 77 14 46 81 40 18 60 38 0 49 50 95 20 32 10 55 30 99 45 63 96 66 10 72 63 64 49 24 30 56 82 62 18 83 61 66 35 50 44 72 34 99 84 47 11 16 91 43 26 52 68 60 63 33 34 80 61 79 97 42 58 38 72 31 35 37 94 58 80 90 93 58 29 95 72 70 58 80 10 22 96 60 65 92 71 41 39 38 58 54 39 25 49 28 27 10 87
56 75 47 60 72 13 10 17 38 64 12 41 0 83 92 43 96 64 41 59 16 17 74 66 76 97 96 68 81 63 76 60 17 43 44 97 87 41 55 25 77 46 63 94 23 64 57 91 16 83 16 42 32 94 28 28 45 38 69 91 11 10 56 78 29 20 11 76 96 21 29 14 46 47 18 62 53 95 33 90 83 39 68 96 90 90 23 18 49 75 34 82 31 13 35 67 38 96 46 84
79 27 94 51 50 47 43 26 46 34 85 96 95 0 36 66 40 15 49 21 62 80 19 54 26 35 94 71 55 73 11 63 74 60 62 45 35 38 30 20 49 20 45 68 48 63 64 33 31 78 65 42 45 29 92 90 71 82 35 75 82 82 49 26 10 98 70 52 51 34 48 44 12 53 60 21 28 53 68 58 70 26 83 66 64 56 21 71 89 97 92 17 30 90 96 89 79 81 34 91
98 21 24 68 35 35 56 41 19 25 80 26 32 35 0 95 16 23 88 16 18 57 81 68 96 91 48 27 68 26 23 40 33 69 54 12 46 52 49 99 64 96 48 24 13 95 34 22 91 42 25 51 75 64 51 43 39 22 22 27 41 48 55 38 71 71 66 25 65 19 39 34 93 14 74 58 12 54 23 39 77 27 71 46 34 57 74 62 88 82 24 58 97 77 21 68 46 70 52 79
48 65 72 55 97 20 71 86 34 80 61 13 68 81 29 0 63 83 66 99 50 12 15 14 14 63 56 96 58 18 29 70 44 59 91 71 26 97 12 41 22 98 82 77 23 20 65 76 38 18 76 34 85 51 18 88 49 34 14 20 68 97 88 47 81 14 57 99 27 79 46 69 57 86 37 78 86 90 49 54 71 67 76 65 49 49 86 42 15 97 28 89 49 68 68 57 50 22 54 98
62 51 72 36 47 69 16 14 54 67 40 32 51 19 41 62 0 48 40 91 11 87 86 21 48 75 22 55 36 26 69 73 97 44 79 92 39 80 83 72 37 69 88 46 31 77 29 77 73 26 21 31 26 19 74 31 99 91 59 23 73 56 38 85 45 61 85 16 38 20 42 15 88 41 60 84 67 96 35 55 38 13 90 22 48 24 38 38 84 41 11 56 87 93 31 84 36 76 90 65
30 56 89 68 93 15 28 66 78 12 10 67 47 24 43 70 44 0 34 33 21 27 24 89 36 81 69 55 98 26 62 17 88 36 55 59 80 12 73 53 62 33 69 12 29 55 24 34 87 80 26 93 18 47 57 69 72 95 11 97 81 20 73 86 90 81 30 27 73 91 47 41 20 54 98 42 50 17 20 95 60 97 50 26 85 55 41 88 89 63 95 29 42 83 49 41 11 42 86 39
42 86 35 31 75 47 99 55 24 53 58 84 70 76 15 18 15 82 0 50 85 17 81 59 71 93 71 16 84 93 89 13 15 67 31 35 12 50 69 23 84 91 21 96 21 22 34 54 28 64 54 17 62 64 41 60 53 91 79 27 92 31 46 65 68 12 37 83 44 70 63 72 88 16 85 58 94 40 67 70 33 29 46 13 29 69 33 59 58 60 45 75 88 43 45 15 48 51 67 21
12 27 49 30 24 35 17 96 51 53 23 87 11 46 78 47 50 71 69 0 98 93 11 79 26 98 37 75 44 14 74 49 85 65 45 54 32 56 40 20 19 76 23 89 83 19 85 10 14 29 17 52 85 10 66 73 93 37 46 56 85 46 58 53 65 37 88 15 70 29 87 11 82 46 29 35 38 10 44 79 68 78 42 60 87 21 29 62 97 52 98 59 38 66 48 65 52 59 32 53
47 93 32 54 61 89 59 17 94 10 17 38 14 95 56 43 74 64 99 52 0 39 91 26 35 17 56 85 81 98 55 77 42 10 28 40 89 23 62 57 78 99 71 75 73 79 72 82 42 50 98 57 22 82 86 40 84 77 13 28 79 91 22 32 92 84 10 97 63 80 98 94 24 74 85 80 24 30 28 69 98 42 58 44 53 99 20 81 87 83 75 55 18 12 94 35 81 57 75 79
37 35 34 21 14 57 46 88 53 24 52 57 96 79 55 52 30 32 89 56 24 0 45 84 60 24 77 30 22 95 28 43 87 77 61 36 38 37 44 17 25 45 39 27 11 58 86 13 99 98 84 16 83 48 22 40 80 72 65 51 70 51 65 45 93 77 16 63 10 53 54 56 22 31 30 95 18 35 18 24 19 97 51 81 33 89 58 35 46 77 59 33 28 69 48 83 98 27 28 45
83 64 78 56 58 42 30 90 31 57 46 24 44 80 41 20 19 82 87 86 66 34 0 73 44 16 94 27 76 51 48 50 84 33 69 55 28 77 99 51 41 48 45 45 12 82 17 79 50 77 22 58 69 11 69 14 53 36 41 30 17 81 59 76 53 67 12 95 79 11 96 53 11 90 44 96 39 17 31 53 67 45 78 86 40 56 64 89 71 39 64 25 21 26 25 21 17 93 12 25
39 32 14 93 74 39 30 93 79 31 91 81 41 42 25 85 47 23 45 32 75 94 11 0 74 84 76 61 71 32 35 77 91 64 15 44 31 52 24 95 69 21 58 51 47 91 54 44 39 97 39 87 15 76 89 16 61 23 82 24 30 44 75 11 44 91 87 29 91 19 34 75 34 63 42 45 23 74 89 63 61 12 50 15 34 22 17 30 77 34 88 77 54 69 21 41 22 40 87 29
27 69 72 15 41 52 11 69 32 92 40 14 92 43 19 98 11 20 59 40 65 88 82 96 0 18 30 82 37 71 16 89 25 13 13 49 26 61 61 45 47 59 72 72 71 16 36 95 23 80 95 14 64 11 71 30 88 30 19 96 67 48 14 74 22 94 99 94 62 91 54 41 45 90 69 20 72 30 61 64 35 77 43 61 91 61 38 47 51 30 51 22 73 26 18 50 10 11 69 57
38 19 67 69 30 37 84 43 17 68 95 81 58 88 26 69 96 97 54 92 78 41 53 74 96 0 86 81 96 52 10 60 33 33 26 14 29 30 67 40 20 61 24 92 16 37 60 67 14 14 17 73 19 47 90 17 34 82 75 88 59 76 58 45 77 87 50 98 71 19 30 45 21 11 22 62 41 25 41 41 20 19 24 26 49 27 64 82 34 68 87 98 31 39 93 94 53 41 60 55
30 41 48 21 56 27 30 22 30 17 55 16 32 84 95 31 98 31 38 22 91 11 38 94 88 61 0 59 88 32 97 53 86 31 52 46 70 65 12 72 28 32 38 39 48 34 17 67 25 81 10 14 12 74 13 73 98 19 30 55 36 75 50 22 18 45 95 99 67 63 21 90 87 23 43 62 29 84 25 79 65 92 67 13 13 29 19 33 35 46 94 63 30 83 47 55 13 69 66 54
29 26 80 13 23 12 97 89 67 64 13 33 43 39 91 28 40 69 69 28 58 72 92 31 33 85 39 0 40 73 28 57 54 64 64 27 72 56 84 66 54 42 26 79 13 29 56 24 79 56 87 84 18 99 25 78 70 19 59 12 86 79 90 60 28 51 44 55 35 78 73 46 93 58 30 83 73 14 79 99 13 48 44 10 33 66 79 50 63 55 69 69 66 40 93 33 98 45 94 39
33 39 95 16 44 64 23 19 89 25 63 98 86 79 53 82 54 65 93 91 66 30 77 59 42 16 79 24 0 41 84 29 97 24 57 80 30 51 35 23 66 46 67 30 91 78 12 96 99 46 97 58 28 98 94 21 70 50 42 59 77 80 95 42 90 33 70 70 37 67 52 50 48 95 58 26 79 79 74 83 94 14 11 31 66 75 83 25 60 48 95 85 97 49 47 69 68 19 73 72
58 73 41 16 30 29 35 77 95 24 94 88 95 23 36 49 67 37 35 72 75 34 12 81 53 51 15 48 61 0 98 59 52 28 78 60 20 21 83 17 33 50 45 94 81 64 18 56 24 57 91 51 69 93 79 21 11 16 89 12 12 36 49 42 10 17 41 57 13 79 28 41 18 21 20 55 25 10 72 30 39 22 43 13 37 68 36 78 34 12 77 34 29 43 35 14 70 18 59 15
92 69 53 20 75 56 82 94 97 95 12 85 39 99 30 37 99 71 42 94 44 61 43 50 60 56 91 67 84 66 0 57 31 26 78 20 24 44 42 93 25 43 75 49 37 56 48 79 82 29 10 81 96 72 76 13 67 34 56 47 24 72 30 66 62 55 23 85 26 48 18 86 88 91 15 32 68 55 47 23 81 71 44 28 39 87 93 34 49 97 23 35 96 31 57 92 60 12 51 28
82 37 93 54 80 87 72 82 28 56 23 47 62 70 45 49 90 39 18 73 42 61 98 23 84 62 68 87 50 77 77 0 11 95 50 64 25 71 57 39 21 44 20 73 59 94 30 78 57 29 76 53 42 82 70 18 77 44 90 97 74 17 54 96 56 49 85 63 85 55 56 24 28 35 61 31 30 60 47 29 38 60 13 64 80 37 13 31 85 54 76 95 75 97 43 64 10 81 96 47
15 95 34 91 26 70 21 15 99 36 17 92 74 66 49 23 44 57 93 65 58 22 70 58 55 71 17 52 29 99 48 94 0 73 71 63 18 97 46 58 50 26 97 30 60 68 48 64 50 48 22 73 20 28 20 86 55 54 10 49 28 85 81 81 70 21 70 42 54 99 78 17 34 55 96 39 56 96 58 56 93 91 27 75 77 42 45 91 28 37 49 93 85 24 50 48 11 72 38 83
75 60 84 86 19 23 91 60 82 48 37 12 93 79 36 11 47 12 25 49 11 90 50 21 44 74 64 54 88 99 94 71 58 0 32 33 47 37 30 63 27 45 54 82 62 39 69 41 76 76 37 53 88 50 72 32 84 57 41 66 42 33 48 43 65 37 46 16 77 46 65 74 74 56 29 28 38 83 69 27 44 52 20 58 47 73 78 17 43 57 65 85 74 40 13 59 78 39 97 68
76 84 54 13 35 36 55 73 60 59 15 68 24 39 51 46 51 44 96 15 77 27 82 38 86 68 56 26 31 77 78 46 58 22 0 95 62 96 60 12 51 41 60 94 55 30 53 20 77 10 72 33 22 20 60 26 91 95 33 28 46 94 17 37 14 26 45 28 73 20 63 54 56 21 30 20 14 90 65 29 50 55 21 79 26 28 35 57 61 79 64 84 42 71 97 32 24 36 84 73
90 60 62 87 91 60 56 13 16 44 57 82 81 54 90 90 81 28 72 47 76 68 78 22 56 70 40 89 31 95 52 76 63 19 51 0 30 89 85 75 50 33 44 65 39 66 56 44 28 17 35 80 39 16 76 74 45 34 46 10 24 46 22 17 14 69 82 10 45 44 75 72 32 18 43 55 87 13 39 84 81 12 23 69 86 54 43 54 70 92 25 75 49 26 43 25 69 75 75 99
22 65 40 43 48 76 17 96 87 64 36 62 48 74 26 39 62 22 30 28 62 28 66 34 95 40 90 64 32 41 71 83 19 81 63 61 0 41 23 59 37 62 33 88 31 39 72 13 86 68 96 17 91 21 40 87 43 91 84 85 58 88 66 35 27 95 47 90 96 97 59 17 50 15 78 53 73 38 37 20 74 28 18 36 43 53 77 91 24 60 22 92 58 79 65 85 60 46 26 67
96 99 38 42 69 98 64 19 56 32 94 30 22 42 33 20 26 77 56 34 82 30 93 92 92 21 46 51 26 57 37 50 56 27 87 80 22 0 22 40 11 25 18 82 47 84 63 65 95 96 54 43 18 97 17 16 45 27 12 37 79 53 30 37 63 63 74 30 22 66 58 63 19 62 53 56 62 83 55 22 46 33 11 95 90 23 19 44 34 12 26 21 63 33 38 52 34 69 99 74
93 37 25 56 90 67 85 36 62 51 68 56 43 46 15 16 34 42 64 67 16 66 21 25 89 52 86 16 60 82 41 84 17 96 98 81 54 95 0 13 76 38 38 37 86 88 96 53 99 13 99 18 14 65 93 59 84 24 41 37 31 26 68 99 80 66 35 34 19 54 92 20 86 62 81 77 37 84 74 58 56 61 97 63 69 66 56 40 55 35 14 93 61 84 63 42 59 47 36 24
70 30 55 78 15 47 71 95 71 91 87 83 55 22 12 15 17 53 42 90 84 86 59 20 37 79 50 25 77 57 65 73 68 99 71 85 20 98 27 0 96 64 91 35 15 13 38 68 26 52 89 75 43 17 22 17 74 52 48 90 68 93 97 95 95 53 18 46 83 45 37 51 52 94 97 51 75 64 81 57 31 36 76 22 54 19 18 63 36 43 10 41 98 80 76 93 29 44 99 87
26 27 54 93 62 91 77 74 10 67 35 29 96 19 68 84 50 14 74 26 31 50 77 78 20 65 60 30 85 35 28 69 80 56 80 35 49 14 30 87 0 32 93 24 17 50 28 55 37 77 24 46 10 76 33 36 49 72 70 45 33 33 13 76 43 66 58 96 62 32 78 62 71 50 66 69 63 79 66 19 49 16 47 94 70 93 12 60 95 56 77 85 47 45 50 78 22 96 67 59
39 71 34 36 60 87 66 56 48 25 31 94 63 30 81 25 68 40 51 83 41 68 43 18 90 20 19 95 26 77 57 61 34 30 74 72 98 60 45 90 97 0 24 48 79 10 32 48 66 90 43 50 82 22 79 15 93 61 12 90 72 58 85 56 64 73 74 90 76 99 24 41 77 27 92 52 44 87 67 42 23 43 70 13 97 68 38 92 15 58 49 92 74 78 36 89 15 22 73 71
28 85 89 52 83 98 29 77 53 32 11 31 66 81 16 87 65 76 25 92 60 91 89 81 21 62 84 14 36 21 26 15 14 66 37 87 78 68 42 71 59 28 0 78 75 56 48 77 42 22 93 63 16 88 96 23 96 28 63 29 38 33 91 72 83 66 17 99 71 38 83 26 75 15 67 78 37 71 50 78 91 99 93 50 58 58 85 80 12 19 98 44 89 11 33 83 47 31 35 52
64 48 38 29 50 63 29 28 93 75 39 62 43 31 76 15 88 36 19 82 57 79 68 68 11 38 77 74 92 35 98 19 62 88 68 31 60 57 30 31 39 34 37 0 54 77 16 58 18 45 92 10 19 45 82 55 41 41 15 57 47 26 83 36 63 59 44 94 34 37 24 13 82 36 35 28 26 52 50 51 59 93 49 48 32 61 56 72 78 52 57 43 49 84 70 59 76 71 67 42
84 25 91 57 19 91 47 28 45 68 72 86 55 12 83 74 17 60 90 82 15 98 48 69 37 63 46 18 91 65 68 94 11 70 67 69 49 45 46 88 27 72 31 20 0 66 86 13 95 16 70 63 97 77 88 10 64 12 87 47 10 47 94 38 14 83 30 80 76 56 93 92 44 77 78 10 77 21 69 36 65 32 34 30 70 72 61 97 34 64 55 41 64 14 45 58 67 48 89 94
70 18 15 44 48 31 50 14 51 96 90 85 96 89 76 39 66 95 82 38 46 96 22 41 55 32 54 26 94 75 15 27 31 42 39 90 41 51 87 19 45 43 82 37 20 0 48 56 28 24 37 33 81 18 56 42 71 28 76 83 49 56 74 38 59 22 10 43 57 86 57 58 73 70 38 48 97 35 26 80 22 78 35 58 76 16 67 58 62 74 71 26 52 34 12 88 38 41 35 25
34 63 37 82 65 74 95 89 50 60 80 87 38 92 28 75 50 54 24 12 20 62 55 39 66 27 60 57 75 17 31 15 85 66 45 88 66 58 54 91 75 86 54 88 29 73 0 92 12 63 87 73 49 68 64 71 13 69 84 39 11 71 58 18 40 70 88 57 34 45 17 82 67 54 71 48 67 90 92 73 53 38 68 80 18 15 38 67 26 25 96 12 30 73 99 45 95 71 51 85
51 70 22 20 63 25 17 68 66 49 68 11 85 19 53 20 88 89 90 99 11 59 21 99 32 27 71 71 47 76 47 76 70 10 54 37 30 22 36 16 31 83 62 88 88 13 32 0 97 93 93 85 42 37 17 10 46 72 31 79 30 44 88 14 69 55 59 57 15 98 65 68 38 80 86 27 11 17 84 63 47 57 36 29 21 52 70 40 70 83 76 44 24 25 22 44 84 68 30 63
84 39 57 44 95 47 40 87 33 58 41 64 88 67 12 89 78 94 19 92 34 77 70 38 28 52 75 83 70 52 34 29 57 92 96 33 20 64 37 78 72 68 14 60 30 21 59 13 0 93 47 34 23 84 41 20 70 27 36 64 63 91 96 84 30 53 14 96 50 68 98 63 83 31 92 74 73 80 13 74 24 85 31 95 56 90 55 23 59 29 59 42 68 52 88 21 49 29 47 12
37 65 99 22 86 75 46 58 75 45 63 35 84 81 49 52 31 29 17 38 49 99 39 90 93 64 25 55 71 16 89 54 68 65 57 36 62 96 97 82 44 60 93 46 90 66 17 88 29 0 21 58 26 73 51 38 28 20 59 80 67 43 29 59 97 19 41 61 24 93 12 46 49 81 49 65 32 20 73 17 65 69 19 48 37 58 45 22 45 35 95 13 91 73 47 97 96 31 11 40
20 55 71 78 73 19 49 33 53 69 71 96 26 74 66 64 62 65 18 31 22 98 57 27 85 49 26 24 24 88 72 48 22 90 41 18 49 29 99 94 91 86 89 82 72 85 53 47 92 69 0 57 27 25 64 48 77 68 98 71 22 90 15 92 86 69 99 23 63 13 48 81 34 86 41 68 72 47 62 76 37 12 89 31 47 81 81 71 66 15 87 41 19 12 68 85 58 68 40 78
71 61 98 50 40 94 93 31 13 22 54 51 58 29 86 90 63 45 10 24 86 26 33 67 81 32 55 81 17 68 99 68 22 48 37 98 70 25 11 91 26 39 22 91 22 52 94 30 64 90 49 0 24 82 61 83 62 96 61 39 42 66 61 18 63 10 53 84 89 18 41 24 21 87 66 17 81 36 71 21 74 51 71 20 52 26 41 94 94 49 32 65 15 95 59 46 73 63 81 58
20 97 58 30 75 72 92 37 26 15 28 65 37 75 47 46 77 95 99 58 52 45 67 22 61 67 41 90 69 92 67 65 37 10 51 91 57 49 72 85 81 97 89 13 47 36 18 25 65 85 40 97 0 34 43 76 33 82 35 29 73 19 92 76 33 14 76 67 36 89 24 44 85 62 53 35 56 43 96 59 93 21 96 13 96 57 64 10 98 75 39 12 30 98 93 58 95 94 71 47
24 61 88 55 34 30 97 14 79 56 96 77 27 30 95 32 73 76 49 19 98 61 81 84 70 73 14 62 64 46 65 68 78 82 68 11 74 69 60 39 20 85 48 99 86 81 72 73 70 63 82 67 94 0 43 40 61 98 85 10 64 31 49 10 74 72 63 51 30 88 90 31 47 89 17 71 56 26 26 99 22 26 47 90 87 54 15 44 23 81 70 24 63 36 22 40 44 69 15 78
95 67 58 32 98 43 35 56 14 99 29 15 79 68 73 27 13 26 23 87 22 16 53 24 28 72 44 90 44 28 29 44 41 57 53 33 70 26 80 59 74 41 45 22 79 67 23 46 88 77 49 68 89 25 0 13 54 99 37 75 40 12 17 33 24 52 40 82 54 75 17 80 66 89 39 83 27 78 48 69 52 54 32 78 15 65 13 32 15 41 27 24 49 82 83 93 15 72 76 20
52 26 13 72 77 90 50 92 14 41 95 79 44 31 74 93 31 20 86 12 18 69 85 96 23 27 82 32 83 92 56 78 56 96 39 34 37 34 83 87 67 50 34 87 57 19 84 20 94 30 95 54 16 90 73 0 11 85 51 91 63 84 25 27 68 99 25 15 66 56 57 51 85 69 86 13 11 99 68 36 36 88 81 16 72 55 72 21 22 52 26 72 90 45 94 17 78 99 89 45
37 56 85 39 32 25 23 83 80 61 46 38 76 24 56 55 61 28 86 30 73 46 36 64 38 29 34 79 72 45 11 31 25 27 78 63 39 54 28 96 43 22 52 71 31 61 61 45 82 28 47 79 88 66 29 18 0 13 59 91 14 29 96 84 46 31 67 77 53 43 86 51 18 16 77 28 40 44 66 94 70 40 92 62 41 75 68 19 11 75 69 97 26 25 25 55 48 40 97 10
20 94 13 80 35 59 21 90 84 74 56 62 80 11 33 13 28 35 84 49 59 52 84 76 21 76 36 63 75 58 25 11 69 63 39 93 47 37 34 19 69 51 49 86 51 56 46 89 31 66 93 36 50 89 43 41 99 0 75 21 49 82 85 99 82 19 57 29 48 69 75 74 60 45 33 36 11 40 66 87 75 38 24 21 37 93 33 30 19 87 27 97 23 43 67 85 31 79 45 54
45 31 87 89 70 65 98 42 54 45 29 27 47 76 32 25 68 78 77 30 87 87 79 21 25 90 96 23 70 80 55 41 24 53 26 50 63 53 14 36 96 87 88 52 40 26 92 63 71 96 41 49 22 93 44 14 82 38 0 34 31 75 54 78 98 81 10 93 53 96 84 48 63 97 84 38 63 99 25 29 55 76 74 67 62 10 90 75 38 93 79 17 38 60 42 12 69 44 78 85
93 29 82 48 13 28 54 52 22 22 69 66 95 61 62 95 52 92 81 81 51 99 35 32 52 86 37 18 29 65 92 48 60 21 88 64 87 20 35 51 36 20 47 52 28 73 15 55 51 74 81 68 61 56 16 20 70 77 34 0 35 21 52 60 46 55 62 97 89 22 98 63 66 13 84 58 16 20 63 96 54 32 37 66 35 34 63 38 92 45 23 87 44 39 26 76 89 39 54 88
98 60 56 62 73 47 73 96 98 16 31 90 91 50 83 19 66 16 59 61 42 10 62 69 43 13 26 13 52 99 13 10 80 59 82 70 44 17 33 92 45 59 52 36 41 87 27 37 38 25 56 68 40 13 46 26 48 57 55 99 0 48 13 39 39 31 84 75 21 45 27 99 62 80 10 67 99 96 99 15 79 53 81 33 95 28 27 39 51 42 83 21 36 48 18 30 85 38 42 71
24 11 61 53 63 27 12 16 52 91 47 46 67 42 68 20 77 91 77 97 31 75 53 15 51 34 66 94 64 25 23 48 37 60 58 18 67 54 31 41 78 96 78 51 62 68 83 48 24 80 38 12 92 19 38 88 44 15 21 47 86 0 76 17 17 93 56 13 60 94 76 54 17 96 25 86 76 18 69 87 86 80 24 80 50 31 33 53 10 19 89 81 65 98 59 21 98 90 69 35
87 50 45 32 52 15 78 52 34 27 71 22 52 87 37 27 68 69 72 66 60 65 36 41 18 93 77 55 76 35 17 15 89 33 57 54 22 78 34 29 91 91 75 83 54 56 72 85 86 64 84 28 44 62 35 23 54 53 97 74 60 52 0 32 65 28 91 85 64 69 68 42 28 37 61 58 46 35 49 89 47 86 96 63 31 25 37 44 69 54 55 81 64 95 94 35 94 34 74 15
32 73 96 52 32 39 86 27 96 88 30 66 32 54 53 91 97 56 49 60 51 16 59 57 93 15 18 66 40 30 99 49 54 86 58 96 29 26 37 50 75 34 67 50 15 84 47 15 54 84 23 75 49 12 33 28 27 73 97 44 71 10 34 0 58 98 25 28 32 92 34 25 63 82 10 51 28 43 89 64 27 43 98 54 15 30 79 57 48 40 19 39 27 69 97 82 24 13 72 49
18 18 35 13 90 25 24 61 78 14 29 88 27 11 22 13 51 83 70 17 76 72 18 20 51 22 45 22 21 46 83 82 61 80 11 65 69 32 49 73 94 32 38 87 99 60 78 98 40 59 29 64 90 11 34 22 79 76 67 91 84 93 73 78 0 95 68 69 92 71 25 97 77 24 98 64 44 64 23 58 92 16 39 92 58 98 25 60 81 91 89 92 51 26 72 54 86 16 36 19
43 45 34 15 33 27 96 15 38 34 64 90 55 33 84 35 37 12 84 47 70 87 60 99 57 30 63 65 68 81 60 29 95 68 80 18 10 38 72 81 65 77 44 12 16 36 10 89 80 53 96 50 84 51 42 59 72 46 68 90 57 14 57 12 56 0 23 72 70 40 26 33 32 91 59 87 88 88 79 36 24 59 45 17 88 12 71 56 86 97 70 41 22 10 43 71 88 87 91 80
40 73 34 47 23 17 63 11 90 87 98 65 93 94 70 31 44 25 59 52 26 89 67 11 13 94 48 15 90 98 78 78 29 73 25 60 46 82 78 51 66 75 18 95 73 95 31 43 64 38 47 27 80 74 10 97 13 13 91 36 52 68 41 42 37 64 0 79 71 89 43 96 97 65 22 65 27 63 86 52 48 70 51 90 88 27 32 63 39 67 77 76 80 27 16 49 79 95 74 77
58 61 38 30 99 87 18 56 85 51 60 65 60 79 29 97 36 47 81 74 63 33 56 80 92 95 72 66 64 69 71 39 31 84 93 38 50 51 74 40 39 27 26 47 23 96 98 88 65 31 76 65 28 66 53 44 10 61 94 79 46 74 60 10 30 62 25 0 63 49 35 89 74 83 73 52 26 68 32 16 53 62 80 88 43 55 77 87 87 25 80 28 11 19 59 90 21 79 31 41
93 10 63 67 79 92 27 15 54 32 32 35 86 16 88 53 36 35 88 45 64 73 66 78 70 11 64 89 96 47 89 87 38 35 44 88 76 96 38 43 50 50 32 80 12 67 41 40 91 52 16 10 70 23 61 15 19 80 99 39 30 69 90 83 72 51 60 73 0 65 89 50 41 24 71 36 37 90 73 68 67 11 45 80 22 24 98 96 69 31 72 99 84 83 34 57 52 47 50 54
97 49 26 97 66 11 71 97 18 77 90 26 59 49 67 84 94 30 27 64 38 33 83 26 27 51 93 54 91 26 82 23 58 38 13 91 29 56 18 86 88 36 24 28 99 61 35 98 35 35 55 58 91 62 12 75 51 28 26 42 85 58 65 72 12 58 64 35 81 0 16 55 55 25 33 70 63 71 10 58 34 19 89 25 67 81 38 15 25 29 89 80 87 52 35 99 87 80 42 35
54 93 72 76 61 77 35 84 11 23 39 58 21 99 53 42 22 87 97 35 30 37 57 49 75 82 96 88 86 32 90 57 11 93 29 68 55 12 64 21 49 75 87 25 92 43 53 15 86 73 31 27 21 61 60 80 57 28 15 93 36 62 57 16 68 78 20 24 73 12 0 32 62 46 18 24 12 79 26 35 30 81 30 20 47 81 97 44 23 23 19 21 47 43 50 19 26 26 76 71
10 21 13 51 22 94 95 13 91 78 28 11 21 90 83 15 17 60 20 72 66 21 82 11 17 20 62 19 94 93 17 45 85 23 63 94 95 30 59 48 29 97 96 16 18 10 35 47 47 70 53 95 53 83 71 15 26 60 47 33 60 19 81 30 79 94 66 48 97 42 68 0 65 66 85 57 51 36 83 61 51 41 35 34 84 32 66 61 96 40 73 80 42 94 11 27 56 42 93 44
60 27 97 81 39 53 62 19 96 61 58 20 75 67 99 45 42 56 22 49 98 77 51 28 91 28 67 32 63 89 74 21 33 43 62 17 27 66 14 35 39 63 22 92 38 12 99 67 85 11 84 37 91 86 95 85 11 16 35 99 97 85 25 32 49 69 82 41 24 22 14 84 0 61 86 50 62 59 24 16 49 37 41 24 94 79 74 13 20 35 70 46 32 94 49 86 32 25 70 77
89 40 62 34 53 21 99 18 21 78 63 63 37 65 78 86 67 87 84 51 47 77 62 42 80 65 81 60 83 52 24 47 24 14 92 63 60 19 21 13 27 89 45 34 96 85 45 76 18 70 62 27 52 44 72 87 13 50 54 59 88 37 51 89 85 78 10 48 99 26 97 44 55 0 48 99 58 71 47 32 31 13 58 68 82 77 80 96 11 58 97 40 49 57 60 52 64 97 58 99
89 66 86 24 36 77 89 73 39 45 76 95 95 58 85 64 94 65 77 53 40 67 96 62 93 88 32 37 25 46 30 88 26 46 86 28 39 54 27 87 71 45 93 61 28 53 16 53 77 43 75 78 64 19 51 50 86 78 19 19 69 60 30 17 74 87 94 39 94 58 18 26 78 67 0 71 61 70 49 47 52 72 28 59 42 22 87 71 52 58 45 19 15 66 10 80 67 30 89 65
96 29 63 34 37 14 30 27 56 79 66 28 74 12 51 30 49 76 34 64 93 61 53 94 65 64 96 79 86 96 82 90 75 28 92 16 72 51 51 68 29 82 26 36 56 11 72 71 28 26 78 48 91 80 90 48 45 49 54 13 34 78 39 85 77 97 38 82 77 60 33 23 78 27 51 0 92 21 91 26 39 97 84 32 90 10 88 41 18 24 37 33 69 44 95 36 92 85 29 74
94 58 10 19 56 68 71 95 27 55 41 36 27 48 58 91 53 81 63 43 80 45 27 47 68 18 82 81 60 44 91 14 23 39 13 48 93 73 34 37 85 75 87 31 40 32 57 29 47 64 77 88 97 98 10 16 66 21 14 59 51 21 27 75 83 88 26 77 80 71 50 43 79 54 67 60 0 53 24 87 79 59 41 76 12 95 95 83 60 76 85 57 26 16 22 75 13 19 97 26
61 15 92 78 83 18 86 92 30 33 13 33 68 12 77 49 57 63 44 65 98 49 86 77 55 87 22 36 15 26 45 90 11 86 61 75 61 52 99 31 64 76 69 67 21 97 78 93 48 22 50 66 62 21 22 83 66 49 89 54 44 12 14 99 20 80 65 19 43 76 81 40 84 80 75 79 50 0 41 29 66 59 89 34 21 80 48 26 54 20 79 32 79 47 11 95 93 98 88 81
46 58 61 42 31 14 27 47 46 73 19 88 51 57 53 91 96 25 63 44 37 11 22 50 89 68 78 62 54 29 33 70 67 36 35 16 51 56 62 68 47 78 96 62 24 35 57 28 18 73 63 60 48 13 12 73 38 20 67 84 36 30 48 55 75 45 84 91 74 72 44 40 37 10 34 52 93 76 0 60 11 91 73 83 78 18 11 43 69 70 40 19 85 45 94 58 79 58 12 83
14 99 70 94 99 35 81 14 24 25 10 25 46 12 61 56 22 89 64 30 75 63 36 47 99 67 71 55 98 20 81 17 80 73 30 81 72 94 73 29 17 67 55 40 18 24 35 19 38 89 45 93 46 95 80 32 50 89 37 57 47 40 23 82 97 86 99 38 60 58 52 81 96 14 51 16 51 45 36 0 55 75 34 82 36 10 96 83 51 61 34 63 76 15 67 79 62 75 67 91
96 11 85 31 46 29 33 93 74 74 90 10 12 55 64 84 97 95 73 54 35 86 74 33 83 44 33 37 89 25 68 90 63 88 25 24 20 74 88 99 77 52 78 22 19 84 91 50 59 96 80 68 48 12 85 16 58 35 42 57 88 11 80 41 13 29 45 41 37 86 10 69 65 44 39 63 45 64 98 89 0 92 74 78 60 31 97 62 45 77 45 61 62 91 59 89 50 27 31 75
30 53 56 48 38 63 99 94 26 89 69 40 82 87 58 11 57 23 68 67 67 60 93 11 50 92 91 25 13 21 38 16 23 21 14 90 41 83 52 90 78 54 18 58 42 27 18 71 66 38 87 34 24 15 51 38 88 13 91 66 58 53 89 84 23 12 71 73 54 91 67 29 67 98 66 86 77 87 61 46 17 0 14 78 40 54 18 41 42 76 39 85 38 12 99 66 39 18 35 11
71 12 55 77 34 60 22 53 44 64 96 18 11 70 50 53 73 40 56 11 91 86 78 67 53 83 65 52 98 43 39 80 79 64 76 22 12 35 66 33 62 79 52 69 67 58 51 85 75 20 99 27 94 61 55 53 31 62 68 39 17 66 82 29 34 28 14 84 88 81 92 96 36 49 35 36 71 92 59 51 38 48 0 50 42 92 92 25 32 16 35 21 81 14 78 58 35 14 31 88
22 37 42 32 27 39 35 25 86 48 42 35 57 74 47 11 15 55 59 47 97 27 36 50 81 83 26 71 38 67 79 87 31 15 35 48 21 23 31 60 32 57 80 59 98 22 94 19 64 18 88 61 11 34 22 60 67 43 44 12 68 79 57 73 28 76 91 82 85 14 76 20 77 78 10 72 38 91 21 86 50 11 46 0 89 57 33 31 20 67 55 38 44 24 69 51 52 89 83 58
73 41 73 11 33 96 75 47 40 35 38 76 87 34 57 74 62 76 99 27 18 47 96 30 74 30 36 79 53 37 54 26 49 12 85 85 75 55 95 96 39 78 18 94 20 78 75 97 40 42 48 55 46 69 40 20 96 11 36 11 30 67 14 61 54 94 29 70 47 29 34 11 41 35 79 50 76 10 60 14 22 28 21 57 0 66 44 85 14 31 86 66 56 63 12 62 93 40 78 97
42 81 97 59 93 25 85 86 48 98 55 97 56 53 18 96 59 86 69 24 45 72 78 95 89 50 83 33 91 58 27 16 13 99 78 69 64 25 99 91 38 32 23 88 58 42 34 30 26 32 66 90 67 23 29 39 28 62 65 86 91 32 71 42 27 82 42 41 70 63 26 28 79 43 93 34 77 83 83 97 94 20 25 99 70 0 16 25 25 49 21 44 30 59 52 26 41 50 15 97
36 29 34 75 18 62 70 47 12 93 79 64 10 79 54 56 88 35 23 63 80 55 40 97 68 38 26 23 45 67 33 72 34 68 41 91 27 46 35 18 73 81 29 63 95 92 39 62 72 20 40 58 96 28 21 24 40 52 46 88 38 35 11 93 24 13 95 59 47 32 68 99 84 37 75 17 38 20 27 64 59 23 83 18 20 72 0 76 62 48 87 65 37 84 48 34 30 19 52 24
92 57 95 30 69 59 32 22 78 13 87 81 18 44 30 67 27 81 90 52 15 95 87 76 21 21 75 11 24 32 38 90 16 37 23 53 39 90 41 79 97 15 36 91 97 33 43 49 56 88 84 95 33 74 27 53 85 66 37 80 32 94 43 20 95 44 51 37 91 87 91 33 17 62 81 13 14 58 39 81 72 56 35 66 46 16 49 0 71 87 62 13 91 34 16 37 78 76 29 92
20 76 96 16 32 70 80 43 28 67 18 57 91 50 57 54 34 87 34 28 48 88 89 36 83 72 77 28 37 94 87 42 19 92 39 31 12 91 84 57 11 85 63 15 49 11 82 11 83 64 81 69 15 28 36 10 42 49 41 78 26 17 66 51 18 96 44 80 88 62 63 93 34 76 71 64 55 33 55 31 20 57 17 48 44 58 55 47 0 63 46 49 43 88 26 42 56 61 89 18
42 69 86 30 67 94 78 19 15 22 74 29 66 55 17 19 82 76 20 21 19 34 58 58 98 20 71 45 48 62 99 87 65 10 65 13 39 21 44 86 61 40 96 77 61 89 16 31 84 65 67 73 21 16 64 71 99 82 86 64 45 98 33 53 26 11 22 40 37 69 36 24 88 42 29 51 21 82 32 81 23 34 86 94 40 63 14 22 37 0 98 56 80 47 76 71 48 46 95 17
90 61 42 90 51 85 36 17 32 73 29 25 26 89 28 17 47 47 62 99 40 53 69 85 26 88 82 48 51 57 21 98 27 88 15 52 44 63 71 78 91 25 17 98 99 95 40 19 65 85 79 29 14 32 18 67 68 89 63 55 31 73 17 29 60 87 48 46 59 43 84 42 40 63 53 43 80 71 32 55 65 16 98 70 12 47 93 43 53 39 0 68 19 93 27 54 68 71 68 58
72 96 41 19 20 79 71 56 43 26 63 85 94 49 28 76 91 62 73 92 56 15 25 81 27 61 57 52 48 58 21 19 80 64 10 58 45 30 46 33 64 34 16 90 80 80 33 20 82 21 44 72 77 66 22 32 92 48 97 89 21 43 80 84 40 71 22 40 11 24 66 84 43 77 84 38 75 25 48 86 46 90 30 53 28 80 17 86 75 50 84 0 79 70 35 80 92 79 38 75
28 77 67 79 66 46 70 39 80 82 34 74 15 27 19 20 74 86 93 74 61 76 91 87 40 26 64 45 35 62 26 95 34 11 95 14 13 45 15 30 86 98 35 64 48 93 42 23 65 90 30 55 25 25 93 38 17 97 12 98 28 75 88 95 83 91 31 55 22 42 14 99 86 36 87 33 76 72 57 72 87 21 37 53 52 26 49 58 94 66 96 93 0 84 66 83 83 79 97 85
52 32 36 67 46 15 74 15 59 31 97 34 88 99 81 60 97 57 79 74 69 55 45 67 85 47 20 21 51 48 80 20 45 61 40 42 22 27 50 67 65 33 82 40 64 19 69 11 24 12 52 40 79 76 65 72 84 24 19 47 56 66 59 80 24 27 91 97 11 93 52 35 80 47 51 14 20 74 43 10 92 11 94 29 70 96 30 97 77 21 31 29 91 0 39 33 23 45 78 84
33 69 64 86 89 33 86 33 63 35 75 89 47 74 84 60 44 52 38 46 90 67 63 48 51 37 38 52 12 19 68 23 85 56 51 41 41 51 41 35 10 65 11 90 39 80 61 18 31 43 58 10 82 93 62 92 49 54 77 18 31 27 85 52 48 82 15 92 57 16 89 78 25 10 46 92 46 90 73 99 95 71 81 70 42 75 39 29 69 91 83 33 13 46 0 86 98 86 27 97
75 57 42 67 92 82 37 44 19 74 51 94 18 69 24 66 78 31 73 50 96 80 65 32 34 15 43 72 18 69 58 60 69 79 46 40 50 71 67 23 45 45 88 17 35 45 57 94 37 77 71 89 95 85 89 60 51 38 91 19 48 91 10 48 30 74 24 13 69 70 29 19 96 43 57 42 70 19 63 93 74 86 10 14 89 24 37 32 26 22 23 20 37 51 70 0 40 90 82 19
17 30 86 68 59 78 79 39 26 84 29 57 82 11 46 10 13 63 34 12 18 95 96 85 83 43 52 83 31 79 11 75 41 25 85 10 81 57 59 22 24 62 53 17 83 55 78 28 47 20 52 29 29 30 91 66 59 83 35 39 82 40 51 77 70 70 79 87 77 99 26 28 60 79 72 84 89 39 34 84 80 35 65 31 98 28 40 35 51 50 32 56 22 98 75 75 0 82 37 86
44 50 86 40 94 41 63 81 68 50 75 63 49 37 46 74 83 64 13 19 56 84 23 47 21 54 26 89 44 75 84 50 76 38 27 29 23 43 58 63 40 67 51 67 91 39 34 72 28 81 17 12 76 95 90 26 23 18 71 30 85 46 20 29 44 62 56 84 61 17 13 36 53 49 56 53 57 94 61 93 77 20 86 82 13 85 82 86 57 35 86 48 67 28 97 92 86 0 67 37
75 19 95 86 67 82 23 93 24 42 26 33 39 71 22 71 56 25 75 90 52 17 12 21 93 25 87 89 68 58 72 71 58 60 42 39 68 85 24 91 32 87 54 71 88 80 24 55 73 55 65 53 84 38 71 98 61 63 97 66 92 75 31 29 42 81 34 55 82 66 96 14 64 70 98 17 25 57 70 24 74 31 12 63 23 45 91 91 76 19 58 74 66 36 84 14 80 92 0 24
85 39 29 46 12 82 50 48 35 11 32 32 94 25 18 22 37 36 60 73 61 90 47 74 27 72 60 18 22 49 64 88 52 53 77 42 33 45 19 29 84 21 71 27 72 93 34 21 30 34 20 73 82 59 71 98 58 23 10 90 34 68 81 78 14 28 32 18 59 25 42 11 23 10 99 67 98 25 88 99 56 53 89 23 33 64 24 92 81 43 11 36 83 96 81 32 77 23 72 0
0 72 99 90 96 73 41 88 22 75 28 33 97 20 68 95 24 19 50 36 69 82 61 37 74 26 53 19 72 91 56 47 79 85 62 87 53 83 63 29 88 40 16 67 19 19 48 37 39 46 76 52 88 94 61 65 85 77 18 32 72 70 49 53 95 33 60 67 99 42 25 31 66 71 91 80 99 81 79 39 32 41 95 66 18 40 80 18 22 67 12 44 30 73 61 43 44 24 15 94
0
500
