66
0 1 9 8 7 6 6 7 8 9 8 6 5 4 4 5 6 8 7 5 3 2 2 3 5 7 7 5 3 1 1 3 5 7 7 5 3 1 1 3 5 7 7 6 4 3 3 4 6 7 8 7 6 5 5 6 7 8 10 9 8 7 7 8 9 10
1 0 10 9 8 7 7 8 9 10 8 7 6 5 5 6 7 8 7 6 4 3 3 4 6 7 7 5 3 1 1 3 5 7 7 5 3 1 1 3 5 7 7 5 3 2 2 3 5 7 8 6 5 4 4 5 6 8 9 8 7 6 6 7 8 9
9 10 0 2 4 6 8 10 12 14 2 2 4 6 8 10 12 14 4 4 5 7 8 10 12 14 6 6 7 8 10 11 13 15 8 8 8 10 11 12 14 16 10 10 10 11 12 14 15 17 12 12 12 13 14 15 16 18 14 14 14 15 16 17 18 19
8 9 2 0 2 4 6 8 10 12 2 2 2 4 6 8 10 12 4 4 4 5 7 8 10 12 6 6 6 7 8 10 11 13 8 8 8 8 10 11 12 14 10 10 10 10 11 12 14 15 12 12 12 12 13 14 15 16 14 14 14 14 15 16 17 18
7 8 4 2 0 2 4 6 8 10 4 2 2 2 4 6 8 10 5 4 4 4 5 7 8 10 7 6 6 6 7 8 10 11 8 8 8 8 8 10 11 12 10 10 10 10 10 11 12 14 12 12 12 12 12 13 14 15 14 14 14 14 14 15 16 17
6 7 6 4 2 0 2 4 6 8 6 4 2 2 2 4 6 8 7 5 4 4 4 5 7 8 8 7 6 6 6 7 8 10 10 8 8 8 8 8 10 11 11 10 10 10 10 10 11 12 13 12 12 12 12 12 13 14 15 14 14 14 14 14 15 16
6 7 8 6 4 2 0 2 4 6 8 6 4 2 2 2 4 6 8 7 5 4 4 4 5 7 10 8 7 6 6 6 7 8 11 10 8 8 8 8 8 10 12 11 10 10 10 10 10 11 14 13 12 12 12 12 12 13 16 15 14 14 14 14 14 15
7 8 10 8 6 4 2 0 2 4 10 8 6 4 2 2 2 4 10 8 7 5 4 4 4 5 11 10 8 7 6 6 6 7 12 11 10 8 8 8 8 8 14 12 11 10 10 10 10 10 15 14 13 12 12 12 12 12 17 16 15 14 14 14 14 14
8 9 12 10 8 6 4 2 0 2 12 10 8 6 4 2 2 2 12 10 8 7 5 4 4 4 13 11 10 8 7 6 6 6 14 12 11 10 8 8 8 8 15 14 12 11 10 10 10 10 16 15 14 13 12 12 12 12 18 17 16 15 14 14 14 14
9 10 14 12 10 8 6 4 2 0 14 12 10 8 6 4 2 2 14 12 10 8 7 5 4 4 15 13 11 10 8 7 6 6 16 14 12 11 10 8 8 8 17 15 14 12 11 10 10 10 18 16 15 14 13 12 12 12 19 18 17 16 15 14 14 14
8 8 2 2 4 6 8 10 12 14 0 2 4 6 8 10 12 14 2 2 4 6 8 10 12 14 4 4 5 7 8 10 12 14 6 6 7 8 10 11 13 15 8 8 8 10 11 12 14 16 10 10 10 11 12 14 15 17 12 12 12 13 14 15 16 18
6 7 2 2 2 4 6 8 10 12 2 0 2 4 6 8 10 12 2 2 2 4 6 8 10 12 4 4 4 5 7 8 10 12 6 6 6 7 8 10 11 13 8 8 8 8 10 11 12 14 10 10 10 10 11 12 14 15 12 12 12 12 13 14 15 16
5 6 4 2 2 2 4 6 8 10 4 2 0 2 4 6 8 10 4 2 2 2 4 6 8 10 5 4 4 4 5 7 8 10 7 6 6 6 7 8 10 11 8 8 8 8 8 10 11 12 10 10 10 10 10 11 12 14 12 12 12 12 12 13 14 15
4 5 6 4 2 2 2 4 6 8 6 4 2 0 2 4 6 8 6 4 2 2 2 4 6 8 7 5 4 4 4 5 7 8 8 7 6 6 6 7 8 10 10 8 8 8 8 8 10 11 11 10 10 10 10 10 11 12 13 12 12 12 12 12 13 14
4 5 8 6 4 2 2 2 4 6 8 6 4 2 0 2 4 6 8 6 4 2 2 2 4 6 8 7 5 4 4 4 5 7 10 8 7 6 6 6 7 8 11 10 8 8 8 8 8 10 12 11 10 10 10 10 10 11 14 13 12 12 12 12 12 13
5 6 10 8 6 4 2 2 2 4 10 8 6 4 2 0 2 4 10 8 6 4 2 2 2 4 10 8 7 5 4 4 4 5 11 10 8 7 6 6 6 7 12 11 10 8 8 8 8 8 14 12 11 10 10 10 10 10 15 14 13 12 12 12 12 12
6 7 12 10 8 6 4 2 2 2 12 10 8 6 4 2 0 2 12 10 8 6 4 2 2 2 12 10 8 7 5 4 4 4 13 11 10 8 7 6 6 6 14 12 11 10 8 8 8 8 15 14 12 11 10 10 10 10 16 15 14 13 12 12 12 12
8 8 14 12 10 8 6 4 2 2 14 12 10 8 6 4 2 0 14 12 10 8 6 4 2 2 14 12 10 8 7 5 4 4 15 13 11 10 8 7 6 6 16 14 12 11 10 8 8 8 17 15 14 12 11 10 10 10 18 16 15 14 13 12 12 12
7 7 4 4 5 7 8 10 12 14 2 2 4 6 8 10 12 14 0 2 4 6 8 10 12 14 2 2 4 6 8 10 12 14 4 4 5 7 8 10 12 14 6 6 7 8 10 11 13 15 8 8 8 10 11 12 14 16 10 10 10 11 12 14 15 17
5 6 4 4 4 5 7 8 10 12 2 2 2 4 6 8 10 12 2 0 2 4 6 8 10 12 2 2 2 4 6 8 10 12 4 4 4 5 7 8 10 12 6 6 6 7 8 10 11 13 8 8 8 8 10 11 12 14 10 10 10 10 11 12 14 15
3 4 5 4 4 4 5 7 8 10 4 2 2 2 4 6 8 10 4 2 0 2 4 6 8 10 4 2 2 2 4 6 8 10 5 4 4 4 5 7 8 10 7 6 6 6 7 8 10 11 8 8 8 8 8 10 11 12 10 10 10 10 10 11 12 14
2 3 7 5 4 4 4 5 7 8 6 4 2 2 2 4 6 8 6 4 2 0 2 4 6 8 6 4 2 2 2 4 6 8 7 5 4 4 4 5 7 8 8 7 6 6 6 7 8 10 10 8 8 8 8 8 10 11 11 10 10 10 10 10 11 12
2 3 8 7 5 4 4 4 5 7 8 6 4 2 2 2 4 6 8 6 4 2 0 2 4 6 8 6 4 2 2 2 4 6 8 7 5 4 4 4 5 7 10 8 7 6 6 6 7 8 11 10 8 8 8 8 8 10 12 11 10 10 10 10 10 11
3 4 10 8 7 5 4 4 4 5 10 8 6 4 2 2 2 4 10 8 6 4 2 0 2 4 10 8 6 4 2 2 2 4 10 8 7 5 4 4 4 5 11 10 8 7 6 6 6 7 12 11 10 8 8 8 8 8 14 12 11 10 10 10 10 10
5 6 12 10 8 7 5 4 4 4 12 10 8 6 4 2 2 2 12 10 8 6 4 2 0 2 12 10 8 6 4 2 2 2 12 10 8 7 5 4 4 4 13 11 10 8 7 6 6 6 14 12 11 10 8 8 8 8 15 14 12 11 10 10 10 10
7 7 14 12 10 8 7 5 4 4 14 12 10 8 6 4 2 2 14 12 10 8 6 4 2 0 14 12 10 8 6 4 2 2 14 12 10 8 7 5 4 4 15 13 11 10 8 7 6 6 16 14 12 11 10 8 8 8 17 15 14 12 11 10 10 10
7 7 6 6 7 8 10 11 13 15 4 4 5 7 8 10 12 14 2 2 4 6 8 10 12 14 0 2 4 6 8 10 12 14 2 2 4 6 8 10 12 14 4 4 5 7 8 10 12 14 6 6 7 8 10 11 13 15 8 8 8 10 11 12 14 16
5 5 6 6 6 7 8 10 11 13 4 4 4 5 7 8 10 12 2 2 2 4 6 8 10 12 2 0 2 4 6 8 10 12 2 2 2 4 6 8 10 12 4 4 4 5 7 8 10 12 6 6 6 7 8 10 11 13 8 8 8 8 10 11 12 14
3 3 7 6 6 6 7 8 10 11 5 4 4 4 5 7 8 10 4 2 2 2 4 6 8 10 4 2 0 2 4 6 8 10 4 2 2 2 4 6 8 10 5 4 4 4 5 7 8 10 7 6 6 6 7 8 10 11 8 8 8 8 8 10 11 12
1 1 8 7 6 6 6 7 8 10 7 5 4 4 4 5 7 8 6 4 2 2 2 4 6 8 6 4 2 0 2 4 6 8 6 4 2 2 2 4 6 8 7 5 4 4 4 5 7 8 8 7 6 6 6 7 8 10 10 8 8 8 8 8 10 11
1 1 10 8 7 6 6 6 7 8 8 7 5 4 4 4 5 7 8 6 4 2 2 2 4 6 8 6 4 2 0 2 4 6 8 6 4 2 2 2 4 6 8 7 5 4 4 4 5 7 10 8 7 6 6 6 7 8 11 10 8 8 8 8 8 10
3 3 11 10 8 7 6 6 6 7 10 8 7 5 4 4 4 5 10 8 6 4 2 2 2 4 10 8 6 4 2 0 2 4 10 8 6 4 2 2 2 4 10 8 7 5 4 4 4 5 11 10 8 7 6 6 6 7 12 11 10 8 8 8 8 8
5 5 13 11 10 8 7 6 6 6 12 10 8 7 5 4 4 4 12 10 8 6 4 2 2 2 12 10 8 6 4 2 0 2 12 10 8 6 4 2 2 2 12 10 8 7 5 4 4 4 13 11 10 8 7 6 6 6 14 12 11 10 8 8 8 8
7 7 15 13 11 10 8 7 6 6 14 12 10 8 7 5 4 4 14 12 10 8 6 4 2 2 14 12 10 8 6 4 2 0 14 12 10 8 6 4 2 2 14 12 10 8 7 5 4 4 15 13 11 10 8 7 6 6 16 14 12 11 10 8 8 8
7 7 8 8 8 10 11 12 14 16 6 6 7 8 10 11 13 15 4 4 5 7 8 10 12 14 2 2 4 6 8 10 12 14 0 2 4 6 8 10 12 14 2 2 4 6 8 10 12 14 4 4 5 7 8 10 12 14 6 6 7 8 10 11 13 15
5 5 8 8 8 8 10 11 12 14 6 6 6 7 8 10 11 13 4 4 4 5 7 8 10 12 2 2 2 4 6 8 10 12 2 0 2 4 6 8 10 12 2 2 2 4 6 8 10 12 4 4 4 5 7 8 10 12 6 6 6 7 8 10 11 13
3 3 8 8 8 8 8 10 11 12 7 6 6 6 7 8 10 11 5 4 4 4 5 7 8 10 4 2 2 2 4 6 8 10 4 2 0 2 4 6 8 10 4 2 2 2 4 6 8 10 5 4 4 4 5 7 8 10 7 6 6 6 7 8 10 11
1 1 10 8 8 8 8 8 10 11 8 7 6 6 6 7 8 10 7 5 4 4 4 5 7 8 6 4 2 2 2 4 6 8 6 4 2 0 2 4 6 8 6 4 2 2 2 4 6 8 7 5 4 4 4 5 7 8 8 7 6 6 6 7 8 10
1 1 11 10 8 8 8 8 8 10 10 8 7 6 6 6 7 8 8 7 5 4 4 4 5 7 8 6 4 2 2 2 4 6 8 6 4 2 0 2 4 6 8 6 4 2 2 2 4 6 8 7 5 4 4 4 5 7 10 8 7 6 6 6 7 8
3 3 12 11 10 8 8 8 8 8 11 10 8 7 6 6 6 7 10 8 7 5 4 4 4 5 10 8 6 4 2 2 2 4 10 8 6 4 2 0 2 4 10 8 6 4 2 2 2 4 10 8 7 5 4 4 4 5 11 10 8 7 6 6 6 7
5 5 14 12 11 10 8 8 8 8 13 11 10 8 7 6 6 6 12 10 8 7 5 4 4 4 12 10 8 6 4 2 2 2 12 10 8 6 4 2 0 2 12 10 8 6 4 2 2 2 12 10 8 7 5 4 4 4 13 11 10 8 7 6 6 6
7 7 16 14 12 11 10 8 8 8 15 13 11 10 8 7 6 6 14 12 10 8 7 5 4 4 14 12 10 8 6 4 2 2 14 12 10 8 6 4 2 0 14 12 10 8 6 4 2 2 14 12 10 8 7 5 4 4 15 13 11 10 8 7 6 6
7 7 10 10 10 11 12 14 15 17 8 8 8 10 11 12 14 16 6 6 7 8 10 11 13 15 4 4 5 7 8 10 12 14 2 2 4 6 8 10 12 14 0 2 4 6 8 10 12 14 2 2 4 6 8 10 12 14 4 4 5 7 8 10 12 14
6 5 10 10 10 10 11 12 14 15 8 8 8 8 10 11 12 14 6 6 6 7 8 10 11 13 4 4 4 5 7 8 10 12 2 2 2 4 6 8 10 12 2 0 2 4 6 8 10 12 2 2 2 4 6 8 10 12 4 4 4 5 7 8 10 12
4 3 10 10 10 10 10 11 12 14 8 8 8 8 8 10 11 12 7 6 6 6 7 8 10 11 5 4 4 4 5 7 8 10 4 2 2 2 4 6 8 10 4 2 0 2 4 6 8 10 4 2 2 2 4 6 8 10 5 4 4 4 5 7 8 10
3 2 11 10 10 10 10 10 11 12 10 8 8 8 8 8 10 11 8 7 6 6 6 7 8 10 7 5 4 4 4 5 7 8 6 4 2 2 2 4 6 8 6 4 2 0 2 4 6 8 6 4 2 2 2 4 6 8 7 5 4 4 4 5 7 8
3 2 12 11 10 10 10 10 10 11 11 10 8 8 8 8 8 10 10 8 7 6 6 6 7 8 8 7 5 4 4 4 5 7 8 6 4 2 2 2 4 6 8 6 4 2 0 2 4 6 8 6 4 2 2 2 4 6 8 7 5 4 4 4 5 7
4 3 14 12 11 10 10 10 10 10 12 11 10 8 8 8 8 8 11 10 8 7 6 6 6 7 10 8 7 5 4 4 4 5 10 8 6 4 2 2 2 4 10 8 6 4 2 0 2 4 10 8 6 4 2 2 2 4 10 8 7 5 4 4 4 5
6 5 15 14 12 11 10 10 10 10 14 12 11 10 8 8 8 8 13 11 10 8 7 6 6 6 12 10 8 7 5 4 4 4 12 10 8 6 4 2 2 2 12 10 8 6 4 2 0 2 12 10 8 6 4 2 2 2 12 10 8 7 5 4 4 4
7 7 17 15 14 12 11 10 10 10 16 14 12 11 10 8 8 8 15 13 11 10 8 7 6 6 14 12 10 8 7 5 4 4 14 12 10 8 6 4 2 2 14 12 10 8 6 4 2 0 14 12 10 8 6 4 2 2 14 12 10 8 7 5 4 4
8 8 12 12 12 13 14 15 16 18 10 10 10 11 12 14 15 17 8 8 8 10 11 12 14 16 6 6 7 8 10 11 13 15 4 4 5 7 8 10 12 14 2 2 4 6 8 10 12 14 0 2 4 6 8 10 12 14 2 2 4 6 8 10 12 14
7 6 12 12 12 12 13 14 15 16 10 10 10 10 11 12 14 15 8 8 8 8 10 11 12 14 6 6 6 7 8 10 11 13 4 4 4 5 7 8 10 12 2 2 2 4 6 8 10 12 2 0 2 4 6 8 10 12 2 2 2 4 6 8 10 12
6 5 12 12 12 12 12 13 14 15 10 10 10 10 10 11 12 14 8 8 8 8 8 10 11 12 7 6 6 6 7 8 10 11 5 4 4 4 5 7 8 10 4 2 2 2 4 6 8 10 4 2 0 2 4 6 8 10 4 2 2 2 4 6 8 10
5 4 13 12 12 12 12 12 13 14 11 10 10 10 10 10 11 12 10 8 8 8 8 8 10 11 8 7 6 6 6 7 8 10 7 5 4 4 4 5 7 8 6 4 2 2 2 4 6 8 6 4 2 0 2 4 6 8 6 4 2 2 2 4 6 8
5 4 14 13 12 12 12 12 12 13 12 11 10 10 10 10 10 11 11 10 8 8 8 8 8 10 10 8 7 6 6 6 7 8 8 7 5 4 4 4 5 7 8 6 4 2 2 2 4 6 8 6 4 2 0 2 4 6 8 6 4 2 2 2 4 6
6 5 15 14 13 12 12 12 12 12 14 12 11 10 10 10 10 10 12 11 10 8 8 8 8 8 11 10 8 7 6 6 6 7 10 8 7 5 4 4 4 5 10 8 6 4 2 2 2 4 10 8 6 4 2 0 2 4 10 8 6 4 2 2 2 4
7 6 16 15 14 13 12 12 12 12 15 14 12 11 10 10 10 10 14 12 11 10 8 8 8 8 13 11 10 8 7 6 6 6 12 10 8 7 5 4 4 4 12 10 8 6 4 2 2 2 12 10 8 6 4 2 0 2 12 10 8 6 4 2 2 2
8 8 18 16 15 14 13 12 12 12 17 15 14 12 11 10 10 10 16 14 12 11 10 8 8 8 15 13 11 10 8 7 6 6 14 12 10 8 7 5 4 4 14 12 10 8 6 4 2 2 14 12 10 8 6 4 2 0 14 12 10 8 6 4 2 2
10 9 14 14 14 15 16 17 18 19 12 12 12 13 14 15 16 18 10 10 10 11 12 14 15 17 8 8 8 10 11 12 14 16 6 6 7 8 10 11 13 15 4 4 5 7 8 10 12 14 2 2 4 6 8 10 12 14 0 2 4 6 8 10 12 14
9 8 14 14 14 14 15 16 17 18 12 12 12 12 13 14 15 16 10 10 10 10 11 12 14 15 8 8 8 8 10 11 12 14 6 6 6 7 8 10 11 13 4 4 4 5 7 8 10 12 2 2 2 4 6 8 10 12 2 0 2 4 6 8 10 12
8 7 14 14 14 14 14 15 16 17 12 12 12 12 12 13 14 15 10 10 10 10 10 11 12 14 8 8 8 8 8 10 11 12 7 6 6 6 7 8 10 11 5 4 4 4 5 7 8 10 4 2 2 2 4 6 8 10 4 2 0 2 4 6 8 10
7 6 15 14 14 14 14 14 15 16 13 12 12 12 12 12 13 14 11 10 10 10 10 10 11 12 10 8 8 8 8 8 10 11 8 7 6 6 6 7 8 10 7 5 4 4 4 5 7 8 6 4 2 2 2 4 6 8 6 4 2 0 2 4 6 8
7 6 16 15 14 14 14 14 14 15 14 13 12 12 12 12 12 13 12 11 10 10 10 10 10 11 11 10 8 8 8 8 8 10 10 8 7 6 6 6 7 8 8 7 5 4 4 4 5 7 8 6 4 2 2 2 4 6 8 6 4 2 0 2 4 6
8 7 17 16 15 14 14 14 14 14 15 14 13 12 12 12 12 12 14 12 11 10 10 10 10 10 12 11 10 8 8 8 8 8 11 10 8 7 6 6 6 7 10 8 7 5 4 4 4 5 10 8 6 4 2 2 2 4 10 8 6 4 2 0 2 4
9 8 18 17 16 15 14 14 14 14 16 15 14 13 12 12 12 12 15 14 12 11 10 10 10 10 14 12 11 10 8 8 8 8 13 11 10 8 7 6 6 6 12 10 8 7 5 4 4 4 12 10 8 6 4 2 2 2 12 10 8 6 4 2 0 2
10 9 19 18 17 16 15 14 14 14 18 16 15 14 13 12 12 12 17 15 14 12 11 10 10 10 16 14 12 11 10 8 8 8 15 13 11 10 8 7 6 6 14 12 10 8 7 5 4 4 14 12 10 8 6 4 2 2 14 12 10 8 6 4 2 0
0 0 35 35 35 35 35 35 35 35 35 25 25 25 25 25 25 35 35 25 15 15 15 15 25 35 35 25 15 5 5 15 25 35 35 25 15 5 5 15 25 35 35 25 15 15 15 15 25 35 35 25 25 25 25 25 25 35 35 35 35 35 35 35 35 35
0
120