64
0 14 1 1 2 2 2 4 3 3 4 5 4 4 4 5 7 5 5 5 5 7 8 7 6 6 6 7 8 9 8 7 7 7 7 8 9 10 8 8 8 8 8 10 10 9 9 9 9 10 10 10 10 10 10 11 11 11 11 12 12 12 13 13
14 0 13 13 12 12 12 11 11 11 11 10 10 10 10 10 10 9 9 9 9 10 10 8 8 8 8 8 10 9 8 7 7 7 7 8 9 8 7 6 6 6 7 8 7 5 5 5 5 7 5 4 4 4 5 4 3 3 4 2 2 2 1 1
1 13 0 2 1 1 3 2 2 2 4 4 3 3 4 5 5 4 4 4 5 7 7 5 5 5 5 7 8 8 7 6 6 6 7 8 10 8 7 7 7 7 8 9 8 8 8 8 8 10 9 9 9 9 10 10 10 10 10 11 11 11 12 12
1 13 2 0 3 1 1 4 2 2 2 5 4 3 3 4 7 5 4 4 4 5 8 7 5 5 5 5 7 10 8 7 6 6 6 7 8 9 8 7 7 7 7 8 10 8 8 8 8 8 10 9 9 9 9 10 10 10 10 11 11 11 12 12
2 12 1 3 0 2 4 1 1 3 5 2 2 2 4 6 4 3 3 4 5 7 5 4 4 4 5 7 8 7 5 5 5 5 7 8 10 7 6 6 6 7 8 10 7 7 7 7 8 9 8 8 8 8 10 9 9 9 10 10 10 10 11 11
2 12 1 1 2 0 2 3 1 1 3 4 2 2 2 4 5 4 3 3 4 5 7 5 4 4 4 5 7 8 7 5 5 5 5 7 8 8 7 6 6 6 7 8 8 7 7 7 7 8 8 8 8 8 8 9 9 9 9 10 10 10 11 11
2 12 3 1 4 2 0 5 3 1 1 6 4 2 2 2 7 5 4 3 3 4 8 7 5 4 4 4 5 10 8 7 5 5 5 5 7 10 8 7 6 6 6 7 9 8 7 7 7 7 10 8 8 8 8 10 9 9 9 10 10 10 11 11
4 11 2 4 1 3 5 0 2 4 6 1 1 3 5 7 2 2 2 4 6 8 4 3 3 4 5 7 9 5 4 4 4 5 7 8 10 5 5 5 5 7 8 10 6 6 6 7 8 10 7 7 7 8 9 8 8 8 10 9 9 10 10 10
3 11 2 2 1 1 3 2 0 2 4 3 1 1 3 5 4 2 2 2 4 6 5 4 3 3 4 5 7 7 5 4 4 4 5 7 8 7 5 5 5 5 7 8 7 6 6 6 7 8 7 7 7 7 8 8 8 8 8 9 9 9 10 10
3 11 2 2 3 1 1 4 2 0 2 5 3 1 1 3 6 4 2 2 2 4 7 5 4 3 3 4 5 8 7 5 4 4 4 5 7 8 7 5 5 5 5 7 8 7 6 6 6 7 8 7 7 7 7 8 8 8 8 9 9 9 10 10
4 11 4 2 5 3 1 6 4 2 0 7 5 3 1 1 8 6 4 2 2 2 9 7 5 4 3 3 4 10 8 7 5 4 4 4 5 10 8 7 5 5 5 5 10 8 7 6 6 6 9 8 7 7 7 10 8 8 8 10 9 9 10 10
5 10 4 5 2 4 6 1 3 5 7 0 2 4 6 8 1 1 3 5 7 9 2 2 2 4 6 8 10 4 3 3 4 5 7 9 11 4 4 4 5 7 8 10 5 5 5 7 8 10 6 6 7 8 10 7 7 8 9 8 8 10 9 10
4 10 3 4 2 2 4 1 1 3 5 2 0 2 4 6 3 1 1 3 5 7 4 2 2 2 4 6 8 5 4 3 3 4 5 7 9 5 4 4 4 5 7 8 5 5 5 5 7 8 6 6 6 7 8 7 7 7 8 8 8 8 9 9
4 10 3 3 2 2 2 3 1 1 3 4 2 0 2 4 5 3 1 1 3 5 6 4 2 2 2 4 6 7 5 4 3 3 4 5 7 7 5 4 4 4 5 7 7 5 5 5 5 7 7 6 6 6 7 7 7 7 7 8 8 8 9 9
4 10 4 3 4 2 2 5 3 1 1 6 4 2 0 2 7 5 3 1 1 3 8 6 4 2 2 2 4 9 7 5 4 3 3 4 5 8 7 5 4 4 4 5 8 7 5 5 5 5 8 7 6 6 6 8 7 7 7 8 8 8 9 9
5 10 5 4 6 4 2 7 5 3 1 8 6 4 2 0 9 7 5 3 1 1 10 8 6 4 2 2 2 11 9 7 5 4 3 3 4 10 8 7 5 4 4 4 10 8 7 5 5 5 10 8 7 6 6 9 8 7 7 10 8 8 10 9
7 10 5 7 4 5 7 2 4 6 8 1 3 5 7 9 0 2 4 6 8 10 1 1 3 5 7 9 11 2 2 2 4 6 8 10 12 3 3 4 5 7 9 11 4 4 5 7 8 10 5 5 7 8 10 6 7 8 10 7 8 9 8 10
5 9 4 5 3 4 5 2 2 4 6 1 1 3 5 7 2 0 2 4 6 8 3 1 1 3 5 7 9 4 2 2 2 4 6 8 10 4 3 3 4 5 7 9 4 4 4 5 7 8 5 5 5 7 8 6 6 7 8 7 7 8 8 8
5 9 4 4 3 3 4 2 2 2 4 3 1 1 3 5 4 2 0 2 4 6 5 3 1 1 3 5 7 6 4 2 2 2 4 6 8 5 4 3 3 4 5 7 5 4 4 4 5 7 5 5 5 5 7 6 6 6 7 7 7 7 8 8
5 9 4 4 4 3 3 4 2 2 2 5 3 1 1 3 6 4 2 0 2 4 7 5 3 1 1 3 5 8 6 4 2 2 2 4 6 7 5 4 3 3 4 5 7 5 4 4 4 5 7 5 5 5 5 7 6 6 6 7 7 7 8 8
5 9 5 4 5 4 3 6 4 2 2 7 5 3 1 1 8 6 4 2 0 2 9 7 5 3 1 1 3 10 8 6 4 2 2 2 4 9 7 5 4 3 3 4 8 7 5 4 4 4 8 7 5 5 5 8 7 6 6 8 7 7 8 8
7 10 7 5 7 5 4 8 6 4 2 9 7 5 3 1 10 8 6 4 2 0 11 9 7 5 3 1 1 12 10 8 6 4 2 2 2 11 9 7 5 4 3 3 10 8 7 5 4 4 10 8 7 5 5 10 8 7 6 9 8 7 10 8
8 10 7 8 5 7 8 4 5 7 9 2 4 6 8 10 1 3 5 7 9 11 0 2 4 6 8 10 12 1 1 3 5 7 9 11 13 2 2 4 6 8 10 12 3 4 5 7 9 11 4 5 7 8 10 5 7 8 10 7 8 10 8 9
7 8 5 7 4 5 7 3 4 5 7 2 2 4 6 8 1 1 3 5 7 9 2 0 2 4 6 8 10 3 1 1 3 5 7 9 11 2 2 2 4 6 8 10 3 3 4 5 7 9 4 4 5 7 8 5 5 7 8 6 7 8 7 8
6 8 5 5 4 4 5 3 3 4 5 2 2 2 4 6 3 1 1 3 5 7 4 2 0 2 4 6 8 5 3 1 1 3 5 7 9 4 2 2 2 4 6 8 4 3 3 4 5 7 4 4 4 5 7 5 5 5 7 6 6 7 7 7
6 8 5 5 4 4 4 4 3 3 4 4 2 2 2 4 5 3 1 1 3 5 6 4 2 0 2 4 6 7 5 3 1 1 3 5 7 6 4 2 2 2 4 6 5 4 3 3 4 5 5 4 4 4 5 5 5 5 5 6 6 6 7 7
6 8 5 5 5 4 4 5 4 3 3 6 4 2 2 2 7 5 3 1 1 3 8 6 4 2 0 2 4 9 7 5 3 1 1 3 5 8 6 4 2 2 2 4 7 5 4 3 3 4 7 5 4 4 4 7 5 5 5 7 6 6 7 7
7 8 7 5 7 5 4 7 5 4 3 8 6 4 2 2 9 7 5 3 1 1 10 8 6 4 2 0 2 11 9 7 5 3 1 1 3 10 8 6 4 2 2 2 9 7 5 4 3 3 8 7 5 4 4 8 7 5 5 8 7 6 8 7
8 10 8 7 8 7 5 9 7 5 4 10 8 6 4 2 11 9 7 5 3 1 12 10 8 6 4 2 0 13 11 9 7 5 3 1 1 12 10 8 6 4 2 2 11 9 7 5 4 3 10 8 7 5 4 10 8 7 5 10 8 7 9 8
9 9 8 10 7 8 10 5 7 8 10 4 5 7 9 11 2 4 6 8 10 12 1 3 5 7 9 11 13 0 2 4 6 8 10 12 14 1 3 5 7 9 11 13 2 4 6 8 10 12 4 5 7 9 11 5 7 8 10 7 8 10 8 10
8 8 7 8 5 7 8 4 5 7 8 3 4 5 7 9 2 2 4 6 8 10 1 1 3 5 7 9 11 2 0 2 4 6 8 10 12 1 1 3 5 7 9 11 2 2 4 6 8 10 3 4 5 7 9 4 5 7 8 5 7 8 7 8
7 7 6 7 5 5 7 4 4 5 7 3 3 4 5 7 2 2 2 4 6 8 3 1 1 3 5 7 9 4 2 0 2 4 6 8 10 3 1 1 3 5 7 9 2 2 2 4 6 8 3 3 4 5 7 4 4 5 7 5 5 7 6 7
7 7 6 6 5 5 5 4 4 4 5 4 3 3 4 5 4 2 2 2 4 6 5 3 1 1 3 5 7 6 4 2 0 2 4 6 8 5 3 1 1 3 5 7 4 2 2 2 4 6 4 3 3 4 5 4 4 4 5 5 5 5 6 6
7 7 6 6 5 5 5 5 4 4 4 5 4 3 3 4 6 4 2 2 2 4 7 5 3 1 1 3 5 8 6 4 2 0 2 4 6 7 5 3 1 1 3 5 6 4 2 2 2 4 5 4 3 3 4 5 4 4 4 5 5 5 6 6
7 7 7 6 7 5 5 7 5 4 4 7 5 4 3 3 8 6 4 2 2 2 9 7 5 3 1 1 3 10 8 6 4 2 0 2 4 9 7 5 3 1 1 3 8 6 4 2 2 2 7 5 4 3 3 7 5 4 4 7 5 5 7 6
8 8 8 7 8 7 5 8 7 5 4 9 7 5 4 3 10 8 6 4 2 2 11 9 7 5 3 1 1 12 10 8 6 4 2 0 2 11 9 7 5 3 1 1 10 8 6 4 2 2 9 7 5 4 3 8 7 5 4 8 7 5 8 7
9 9 10 8 10 8 7 10 8 7 5 11 9 7 5 4 12 10 8 6 4 2 13 11 9 7 5 3 1 14 12 10 8 6 4 2 0 13 11 9 7 5 3 1 12 10 8 6 4 2 11 9 7 5 4 10 8 7 5 10 8 7 10 8
10 8 8 9 7 8 10 5 7 8 10 4 5 7 8 10 3 4 5 7 9 11 2 2 4 6 8 10 12 1 1 3 5 7 9 11 13 0 2 4 6 8 10 12 1 3 5 7 9 11 2 4 6 8 10 4 5 7 9 5 7 8 7 8
8 7 7 8 6 7 8 5 5 7 8 4 4 5 7 8 3 3 4 5 7 9 2 2 2 4 6 8 10 3 1 1 3 5 7 9 11 2 0 2 4 6 8 10 1 1 3 5 7 9 2 2 4 6 8 3 4 5 7 4 5 7 5 7
8 6 7 7 6 6 7 5 5 5 7 4 4 4 5 7 4 3 3 4 5 7 4 2 2 2 4 6 8 5 3 1 1 3 5 7 9 4 2 0 2 4 6 8 3 1 1 3 5 7 2 2 2 4 6 3 3 4 5 4 4 5 5 5
8 6 7 7 6 6 6 5 5 5 5 5 4 4 4 5 5 4 3 3 4 5 6 4 2 2 2 4 6 7 5 3 1 1 3 5 7 6 4 2 0 2 4 6 5 3 1 1 3 5 4 2 2 2 4 4 3 3 4 4 4 4 5 5
8 6 7 7 7 6 6 7 5 5 5 7 5 4 4 4 7 5 4 3 3 4 8 6 4 2 2 2 4 9 7 5 3 1 1 3 5 8 6 4 2 0 2 4 7 5 3 1 1 3 6 4 2 2 2 5 4 3 3 5 4 4 5 5
8 7 8 7 8 7 6 8 7 5 5 8 7 5 4 4 9 7 5 4 3 3 10 8 6 4 2 2 2 11 9 7 5 3 1 1 3 10 8 6 4 2 0 2 9 7 5 3 1 1 8 6 4 2 2 7 5 4 3 7 5 4 7 5
10 8 9 8 10 8 7 10 8 7 5 10 8 7 5 4 11 9 7 5 4 3 12 10 8 6 4 2 2 13 11 9 7 5 3 1 1 12 10 8 6 4 2 0 11 9 7 5 3 1 10 8 6 4 2 9 7 5 4 8 7 5 8 7
10 7 8 10 7 8 9 6 7 8 10 5 5 7 8 10 4 4 5 7 8 10 3 3 4 5 7 9 11 2 2 2 4 6 8 10 12 1 1 3 5 7 9 11 0 2 4 6 8 10 1 3 5 7 9 2 4 6 8 4 5 7 5 7
9 5 8 8 7 7 8 6 6 7 8 5 5 5 7 8 4 4 4 5 7 8 4 3 3 4 5 7 9 4 2 2 2 4 6 8 10 3 1 1 3 5 7 9 2 0 2 4 6 8 1 1 3 5 7 2 2 4 6 3 4 5 4 5
9 5 8 8 7 7 7 6 6 6 7 5 5 5 5 7 5 4 4 4 5 7 5 4 3 3 4 5 7 6 4 2 2 2 4 6 8 5 3 1 1 3 5 7 4 2 0 2 4 6 3 1 1 3 5 2 2 2 4 3 3 4 4 4
9 5 8 8 7 7 7 7 6 6 6 7 5 5 5 5 7 5 4 4 4 5 7 5 4 3 3 4 5 8 6 4 2 2 2 4 6 7 5 3 1 1 3 5 6 4 2 0 2 4 5 3 1 1 3 4 2 2 2 4 3 3 4 4
9 5 8 8 8 7 7 8 7 6 6 8 7 5 5 5 8 7 5 4 4 4 9 7 5 4 3 3 4 10 8 6 4 2 2 2 4 9 7 5 3 1 1 3 8 6 4 2 0 2 7 5 3 1 1 6 4 2 2 5 4 3 5 4
10 7 10 8 9 8 7 10 8 7 6 10 8 7 5 5 10 8 7 5 4 4 11 9 7 5 4 3 3 12 10 8 6 4 2 2 2 11 9 7 5 3 1 1 10 8 6 4 2 0 9 7 5 3 1 8 6 4 2 7 5 4 7 5
10 5 9 10 8 8 10 7 7 8 9 6 6 7 8 10 5 5 5 7 8 10 4 4 4 5 7 8 10 4 3 3 4 5 7 9 11 2 2 2 4 6 8 10 1 1 3 5 7 9 0 2 4 6 8 1 3 5 7 2 4 6 4 5
10 4 9 9 8 8 8 7 7 7 8 6 6 6 7 8 5 5 5 5 7 8 5 4 4 4 5 7 8 5 4 3 3 4 5 7 9 4 2 2 2 4 6 8 3 1 1 3 5 7 2 0 2 4 6 1 1 3 5 2 2 4 3 4
10 4 9 9 8 8 8 7 7 7 7 7 6 6 6 7 7 5 5 5 5 7 7 5 4 4 4 5 7 7 5 4 3 3 4 5 7 6 4 2 2 2 4 6 5 3 1 1 3 5 4 2 0 2 4 3 1 1 3 2 2 2 3 3
10 4 9 9 8 8 8 8 7 7 7 8 7 6 6 6 8 7 5 5 5 5 8 7 5 4 4 4 5 9 7 5 4 3 3 4 5 8 6 4 2 2 2 4 7 5 3 1 1 3 6 4 2 0 2 5 3 1 1 4 2 2 4 3
10 5 10 9 10 8 8 9 8 7 7 10 8 7 6 6 10 8 7 5 5 5 10 8 7 5 4 4 4 11 9 7 5 4 3 3 4 10 8 6 4 2 2 2 9 7 5 3 1 1 8 6 4 2 0 7 5 3 1 6 4 2 5 4
11 4 10 10 9 9 10 8 8 8 10 7 7 7 8 9 6 6 6 7 8 10 5 5 5 5 7 8 10 5 4 4 4 5 7 8 10 4 3 3 4 5 7 9 2 2 2 4 6 8 1 1 3 5 7 0 2 4 6 1 3 5 2 4
11 3 10 10 9 9 9 8 8 8 8 7 7 7 7 8 7 6 6 6 7 8 7 5 5 5 5 7 8 7 5 4 4 4 5 7 8 5 4 3 3 4 5 7 4 2 2 2 4 6 3 1 1 3 5 2 0 2 4 1 1 3 2 2
11 3 10 10 9 9 9 8 8 8 8 8 7 7 7 7 8 7 6 6 6 7 8 7 5 5 5 5 7 8 7 5 4 4 4 5 7 7 5 4 3 3 4 5 6 4 2 2 2 4 5 3 1 1 3 4 2 0 2 3 1 1 2 2
11 4 10 10 10 9 9 10 8 8 8 9 8 7 7 7 10 8 7 6 6 6 10 8 7 5 5 5 5 10 8 7 5 4 4 4 5 9 7 5 4 3 3 4 8 6 4 2 2 2 7 5 3 1 1 6 4 2 0 5 3 1 4 2
12 2 11 11 10 10 10 9 9 9 10 8 8 8 8 10 7 7 7 7 8 9 7 6 6 6 7 8 10 7 5 5 5 5 7 8 10 5 4 4 4 5 7 8 4 3 3 4 5 7 2 2 2 4 6 1 1 3 5 0 2 4 1 3
12 2 11 11 10 10 10 9 9 9 9 8 8 8 8 8 8 7 7 7 7 8 8 7 6 6 6 7 8 8 7 5 5 5 5 7 8 7 5 4 4 4 5 7 5 4 3 3 4 5 4 2 2 2 4 3 1 1 3 2 0 2 1 1
12 2 11 11 10 10 10 10 9 9 9 10 8 8 8 8 9 8 7 7 7 7 10 8 7 6 6 6 7 10 8 7 5 5 5 5 7 8 7 5 4 4 4 5 7 5 4 3 3 4 6 4 2 2 2 5 3 1 1 4 2 0 3 1
13 1 12 12 11 11 11 10 10 10 10 9 9 9 9 10 8 8 8 8 8 10 8 7 7 7 7 8 9 8 7 6 6 6 7 8 10 7 5 5 5 5 7 8 5 4 4 4 5 7 4 3 3 4 5 2 2 2 4 1 1 3 0 2
13 1 12 12 11 11 11 10 10 10 10 10 9 9 9 9 10 8 8 8 8 8 9 8 7 7 7 7 8 10 8 7 6 6 6 7 8 8 7 5 5 5 5 7 7 5 4 4 4 5 5 4 3 3 4 4 2 2 2 3 1 1 2 0
0 0 6 6 12 6 12 18 12 12 18 24 18 12 18 24 30 24 18 18 24 30 36 30 24 18 24 30 36 42 36 30 24 24 30 36 42 36 30 24 18 24 30 36 30 24 18 18 24 30 24 18 12 18 24 18 12 12 18 12 6 12 6 6
0
70
