33
0 0 6 5 4 4 6 4 6 8 9 10 9 8 4 11 12 10 14 16 8 16 2 1 0 3 4 1 4 6 5 8 3
0 0 5 5 4 4 6 4 5 8 9 9 8 8 4 10 11 10 13 16 8 16 3 1 1 3 3 2 4 5 5 7 2
6 5 0 3 5 8 1 9 2 12 12 10 6 4 6 6 8 8 16 17 6 12 8 5 6 9 4 6 6 5 7 4 3
5 5 3 0 2 6 2 7 5 13 14 12 9 2 3 5 6 5 18 20 3 11 7 4 6 9 6 4 3 8 9 7 4
4 4 5 2 0 3 4 4 7 12 13 13 10 4 0 7 8 5 18 20 3 12 4 3 4 7 6 2 1 8 9 9 4
4 4 8 6 3 0 8 1 9 11 13 14 13 8 2 11 11 8 17 20 6 15 2 3 3 6 8 2 2 10 9 12 6
6 6 1 2 4 8 0 9 4 13 13 11 8 3 5 4 6 6 17 18 5 11 8 5 7 10 6 6 5 6 8 5 4
4 4 9 7 4 1 9 0 10 10 12 14 13 9 4 12 12 9 17 20 8 17 1 4 3 5 8 3 4 10 9 12 7
6 5 2 5 7 9 4 10 0 11 10 7 4 7 7 7 10 10 14 14 8 14 8 6 7 8 3 7 8 3 5 2 3
8 8 12 13 12 11 13 10 11 0 3 7 11 16 12 18 19 18 7 11 16 24 8 9 8 4 7 9 12 8 5 12 9
9 9 12 14 13 13 13 12 10 3 0 5 9 16 13 18 20 19 4 8 17 24 10 10 9 6 7 11 14 7 4 10 9
10 9 10 12 13 14 11 14 7 7 5 0 4 14 13 15 18 18 6 7 16 22 12 10 10 9 6 11 14 4 4 7 8
9 8 6 9 10 13 8 13 4 11 9 4 0 11 11 11 14 14 11 11 13 18 11 9 10 10 5 10 12 3 5 2 6
8 8 4 2 4 8 3 9 7 16 16 14 11 0 5 3 3 3 20 21 2 8 9 7 8 12 9 7 5 10 11 8 6
4 4 6 3 0 2 5 4 7 12 13 13 11 5 0 8 9 6 17 20 4 13 4 2 3 7 6 2 0 8 9 9 4
11 10 6 5 7 11 4 12 7 18 18 15 11 3 8 0 2 5 22 22 5 6 12 9 11 14 10 10 8 11 13 8 8
12 11 8 6 8 11 6 12 10 19 20 18 14 3 9 2 0 3 24 25 4 4 13 10 12 15 12 10 8 13 15 11 10
10 10 8 5 5 8 6 9 10 18 19 18 14 3 6 5 3 0 23 25 2 7 10 8 10 13 11 8 5 13 14 12 9
14 13 16 18 18 17 17 17 14 7 4 6 11 20 17 22 24 23 0 5 21 29 15 15 14 11 11 15 18 11 9 14 14
16 16 17 20 20 20 18 20 14 11 8 7 11 21 20 22 25 25 5 0 23 29 18 17 17 15 13 18 21 11 11 13 15
8 8 6 3 3 6 5 8 8 16 17 16 13 2 4 5 4 2 21 23 0 9 8 6 8 11 9 6 3 11 12 10 7
16 16 12 11 12 15 11 17 14 24 24 22 18 8 13 6 4 7 29 29 9 0 17 15 16 20 17 15 12 17 19 15 15
2 3 8 7 4 2 8 1 8 8 10 12 11 9 4 12 13 10 15 18 8 17 0 3 1 3 6 2 4 8 7 11 5
1 1 5 4 3 3 5 4 6 9 10 10 9 7 2 9 10 8 15 17 6 15 3 0 1 4 4 1 3 6 6 8 2
0 1 6 6 4 3 7 3 7 8 9 10 10 8 3 11 12 10 14 17 8 16 1 1 0 3 4 1 4 7 6 9 3
3 3 9 9 7 6 10 5 8 4 6 9 10 12 7 14 15 13 11 15 11 20 3 4 3 0 5 5 7 7 5 10 6
4 3 4 6 6 8 6 8 3 7 7 6 5 9 6 10 12 11 11 13 9 17 6 4 4 5 0 5 7 2 2 5 2
1 2 6 4 2 2 6 3 7 9 11 11 10 7 2 10 10 8 15 18 6 15 2 1 1 5 5 0 2 7 7 9 3
4 4 6 3 1 2 5 4 8 12 14 14 12 5 0 8 8 5 18 21 3 12 4 3 4 7 7 2 0 9 9 10 5
6 5 5 8 8 10 6 10 3 8 7 4 3 10 8 11 13 13 11 11 11 17 8 6 7 7 2 7 9 0 2 3 4
5 5 7 9 9 9 8 9 5 5 4 4 5 11 9 13 15 14 9 11 12 19 7 6 6 5 2 7 9 2 0 6 4
8 7 4 7 9 12 5 12 2 12 10 7 2 8 9 8 11 12 14 13 10 15 11 8 9 10 5 9 10 3 6 0 5
3 2 3 4 4 6 4 7 3 9 9 8 6 6 4 8 10 9 14 15 7 15 5 2 3 6 2 3 5 4 4 5 0
0 0 20 20 20 20 20 20 20 30 30 30 30 30 30 40 40 40 40 40 50 50 50 10 10 10 10 10 10 20 20 20 10
0
100
