21
0 1 4 5 7 3 2 1 5 4 3 1 1 1 2 10 11 9 10 12 9
1 0 5 6 8 5 4 2 6 5 3 2 2 1 1 11 12 10 11 13 11
4 5 0 1 4 2 2 3 2 3 3 3 3 4 5 8 8 5 6 8 5
5 6 1 0 2 2 2 3 3 5 5 4 4 5 6 9 9 6 6 8 4
7 8 4 2 0 4 4 6 5 7 7 7 6 8 9 11 11 8 7 8 3
3 5 2 2 4 0 0 2 4 5 4 3 3 4 5 10 11 8 8 10 6
2 4 2 2 4 0 0 1 4 5 4 3 2 3 5 10 11 8 9 10 7
1 2 3 3 6 2 1 0 4 4 3 1 1 2 3 10 11 8 9 11 8
5 6 2 3 5 4 4 4 0 1 2 3 3 4 5 6 7 4 5 7 6
4 5 3 5 7 5 5 4 1 0 1 3 3 4 4 5 6 4 6 9 8
3 3 3 5 7 4 4 3 2 1 0 1 2 2 2 7 8 6 8 10 9
1 2 3 4 7 3 3 1 3 3 1 0 0 1 2 9 10 7 9 11 9
1 2 3 4 6 3 2 1 3 3 2 0 0 1 2 9 10 7 9 11 8
1 1 4 5 8 4 3 2 4 4 2 1 1 0 1 10 11 8 10 12 10
2 1 5 6 9 5 5 3 5 4 2 2 2 1 0 10 11 9 11 13 11
10 11 8 9 11 10 10 10 6 5 7 9 9 10 10 0 1 2 5 7 9
11 12 8 9 11 11 11 11 7 6 8 10 10 11 11 1 0 2 4 6 9
9 10 5 6 8 8 8 8 4 4 6 7 7 8 9 2 2 0 3 5 7
10 11 6 6 7 8 9 9 5 6 8 9 9 10 11 5 4 3 0 2 5
12 13 8 8 8 10 10 11 7 9 10 11 11 12 13 7 6 5 2 0 5
9 11 5 4 3 6 7 8 6 8 9 9 8 10 11 9 9 7 5 5 0
0 0 20 20 30 15 15 10 20 20 20 15 10 10 25 40 40 30 30 50 30
0
38